0 0.580726 0.822623 0.011264 0.097711
0 0.564143 0.789173 0.009387 0.088908
0 0.529099 0.812500 0.011264 0.088028
0 0.590895 0.755282 0.009074 0.088028
0 0.618273 0.746479 0.009387 0.075704
0 0.617804 0.826144 0.009700 0.080106
0 0.626564 0.702025 0.007822 0.076585
0 0.356852 0.654489 0.012829 0.076585
0 0.229193 0.470070 0.009700 0.049296
1 0.142053 0.606954 0.055069 0.074824
1 0.191176 0.658011 0.054443 0.097711
1 0.225907 0.693222 0.045682 0.090669
3 0.361389 0.116637 0.016896 0.043134
3 0.534887 0.406690 0.081665 0.257042
3 0.344493 0.278169 0.027534 0.089789
3 0.269086 0.220951 0.080726 0.156690
