0 0.524875 0.696062 0.008448 0.046233
3 0.352003 0.443493 0.034418 0.083904
3 0.748748 0.545805 0.020651 0.040240
3 0.844806 0.976455 0.055069 0.045377
3 0.251564 0.352740 0.038173 0.080479
3 0.345275 0.314212 0.051001 0.131849
3 0.694931 0.344606 0.114518 0.108733
3 0.193992 0.683647 0.068210 0.124144
3 0.435544 0.304366 0.051940 0.153253
3 0.797403 0.425086 0.057885 0.196062
3 0.962297 0.837757 0.054130 0.182363
3 0.464487 0.052226 0.040989 0.101027
3 0.842929 0.642979 0.060075 0.125000
3 0.288486 0.558219 0.061952 0.142123
