0 0.649249 0.301370 0.005632 0.037671
0 0.661452 0.317637 0.005632 0.035959
0 0.644869 0.288955 0.004380 0.028253
0 0.668023 0.338185 0.005006 0.030822
0 0.671308 0.315068 0.005945 0.032534
0 0.569775 0.241438 0.005632 0.034247
0 0.608260 0.435788 0.007509 0.039384
0 0.566959 0.242295 0.004380 0.030822
1 0.547872 0.707620 0.053817 0.069349
1 0.618116 0.559932 0.040989 0.047945
2 0.258605 0.842038 0.116083 0.310788
3 0.546621 0.279538 0.118899 0.247432
3 0.590895 0.288527 0.042240 0.256849
3 0.520964 0.280394 0.074468 0.187500
3 0.467929 0.314212 0.034731 0.106164
