2 0.747340 0.318493 0.044118 0.094178
2 0.780507 0.375856 0.059762 0.119863
3 0.479036 0.564640 0.020651 0.072774
3 0.308198 0.059932 0.108260 0.106164
3 0.423811 0.388271 0.024093 0.079623
3 0.667397 0.567209 0.020025 0.052226
3 0.280194 0.068921 0.052879 0.103596
3 0.586984 0.214041 0.018148 0.037671
3 0.539268 0.628853 0.024093 0.055651
3 0.469024 0.239726 0.078223 0.123288
3 0.708542 0.678510 0.039737 0.072774
3 0.344493 0.610445 0.056320 0.130137
3 0.550063 0.436644 0.036921 0.066781
3 0.738892 0.960188 0.033479 0.062500
3 0.221214 0.475171 0.052566 0.097603
3 0.632196 0.790668 0.035982 0.077911
3 0.801783 0.928510 0.037234 0.096747
3 0.686796 0.335616 0.028160 0.077055
3 0.306008 0.325342 0.036921 0.106164
