0 0.436796 0.768408 0.011890 0.095034
0 0.469650 0.776113 0.014393 0.079623
0 0.387829 0.839469 0.015332 0.098459
0 0.394712 0.782962 0.015332 0.083048
0 0.505632 0.734589 0.008135 0.078767
0 0.351220 0.784675 0.011577 0.081336
0 0.419587 0.885702 0.013141 0.081336
0 0.329474 0.684503 0.009387 0.057363
0 0.289581 0.510702 0.011577 0.065925
1 0.194305 0.490582 0.055695 0.085616
1 0.184762 0.440925 0.060388 0.085616
1 0.179756 0.376712 0.054756 0.059932
2 0.238579 0.170805 0.043492 0.050514
3 0.270964 0.107449 0.071965 0.185788
