0 0.655976 0.485445 0.007822 0.046233
3 0.859199 0.896832 0.026283 0.045377
3 0.662078 0.974315 0.020651 0.044521
3 0.662547 0.136558 0.019712 0.040240
3 0.983417 0.634418 0.032541 0.090753
3 0.606852 0.163099 0.023467 0.038527
3 0.770181 0.250856 0.037234 0.092466
3 0.767835 0.276969 0.035670 0.047089
3 0.984981 0.314640 0.027534 0.055651
3 0.456977 0.455908 0.031602 0.041952
3 0.358886 0.655822 0.031289 0.075342
3 0.412860 0.824058 0.044118 0.089897
3 0.845275 0.601455 0.057259 0.161815
3 0.717459 0.153682 0.054443 0.124144
3 0.420213 0.270976 0.021277 0.081336
3 0.812735 0.412243 0.049750 0.154966
3 0.440238 0.096747 0.025657 0.070205
