0 0.524249 0.850171 0.021589 0.083904
0 0.365770 0.894692 0.016896 0.066781
0 0.351846 0.857021 0.015957 0.075342
0 0.228723 0.713613 0.017522 0.076199
0 0.673185 0.725171 0.017209 0.090753
0 0.570713 0.675514 0.015019 0.078767
0 0.347309 0.581336 0.015019 0.083904
1 0.730288 0.752568 0.127660 0.241438
1 0.351377 0.686644 0.110138 0.150685
1 0.473717 0.593322 0.098874 0.136986
1 0.230131 0.485445 0.089174 0.116438
1 0.349030 0.537243 0.099186 0.132705
1 0.023154 0.375856 0.046308 0.114726
1 0.547247 0.755137 0.122028 0.190068
1 0.039894 0.534247 0.079787 0.133562
3 0.577441 0.342038 0.656133 0.259418
3 0.974969 0.630993 0.041927 0.148973
