0 0.355131 0.605736 0.013141 0.040240
0 0.465113 0.671661 0.010325 0.033390
0 0.367960 0.639127 0.015019 0.031678
0 0.612641 0.426798 0.016896 0.035103
0 0.477785 0.691781 0.010013 0.032534
0 0.587297 0.596318 0.013141 0.028253
0 0.693680 0.429795 0.017522 0.030822
0 0.421934 0.419092 0.012203 0.038527
1 0.596370 0.499144 0.094493 0.116438
1 0.733730 0.414812 0.095745 0.168664
1 0.413642 0.352312 0.084481 0.098459
1 0.167240 0.324058 0.099812 0.124144
1 0.806164 0.677226 0.100438 0.166096
1 0.438517 0.500428 0.085419 0.100171
1 0.286139 0.501284 0.098561 0.105308
1 0.040989 0.323630 0.081977 0.109589
1 0.528004 0.354880 0.085419 0.096747
1 0.128442 0.496575 0.090426 0.095890
1 0.037234 0.491010 0.074468 0.148116
1 0.295213 0.337329 0.077284 0.104452
3 0.943992 0.207620 0.035670 0.122432
3 0.963861 0.067209 0.042240 0.107021
