0 0.269712 0.557791 0.012516 0.052226
0 0.312735 0.610873 0.010951 0.045377
0 0.245150 0.684932 0.013454 0.053082
0 0.152065 0.580479 0.013767 0.058219
0 0.312578 0.630565 0.011264 0.059075
0 0.327441 0.586901 0.009700 0.050514
1 0.440551 0.857021 0.068836 0.121575
1 0.305069 0.837329 0.058824 0.107877
1 0.338861 0.747432 0.066959 0.126712
1 0.383761 0.924229 0.077284 0.144692
1 0.237171 0.741438 0.062578 0.113014
1 0.254380 0.650685 0.057572 0.099315
1 0.543179 0.910959 0.140175 0.172945
3 0.018773 0.972175 0.036295 0.053938
3 0.083542 0.918236 0.023154 0.077911
3 0.129224 0.912671 0.041302 0.092466
