3 0.499687 0.679795 0.050688 0.140411
3 0.711358 0.957620 0.035982 0.079623
3 0.514862 0.711045 0.079787 0.204623
3 0.651126 0.727740 0.121402 0.191781
3 0.377503 0.539812 0.032228 0.158390
3 0.610294 0.676370 0.047872 0.078767
3 0.492178 0.657962 0.031915 0.086473
3 0.888298 0.110017 0.108260 0.194349
3 0.298185 0.300086 0.056320 0.081336
3 0.947591 0.312072 0.038486 0.103596
3 0.804912 0.957192 0.042866 0.083904
3 0.442584 0.565925 0.032854 0.068493
3 0.845745 0.047089 0.050688 0.085616
3 0.201658 0.388271 0.039111 0.071062
3 0.729506 0.032106 0.024718 0.060788
3 0.838548 0.720890 0.051314 0.138699
3 0.765957 0.799658 0.040050 0.128425
3 0.433354 0.221318 0.079474 0.125856
3 0.531602 0.429795 0.048811 0.106164
3 0.604662 0.196918 0.094180 0.169521
3 0.181320 0.620291 0.051001 0.146404
