0 0.604036 0.456764 0.019712 0.041952
0 0.332134 0.688356 0.019086 0.041096
0 0.440238 0.728168 0.013767 0.043664
0 0.575876 0.643836 0.015332 0.034247
0 0.316802 0.655822 0.015332 0.044521
0 0.691646 0.459760 0.022841 0.039384
0 0.455413 0.745291 0.015332 0.040240
0 0.391896 0.448202 0.012203 0.036815
1 0.740300 0.440497 0.108886 0.187500
1 0.414737 0.540668 0.102315 0.108733
1 0.251408 0.356164 0.085419 0.119863
1 0.061796 0.533390 0.105444 0.111301
1 0.591521 0.534675 0.099812 0.119007
1 0.106539 0.346318 0.114205 0.127568
1 0.386733 0.373716 0.103254 0.113870
1 0.243899 0.538955 0.109825 0.117295
1 0.821183 0.728168 0.113579 0.173801
1 0.511577 0.377568 0.095745 0.107877
1 0.007509 0.346747 0.015019 0.107877
3 0.971214 0.145548 0.056946 0.263699
