0 0.436327 0.281678 0.007196 0.068493
0 0.426158 0.226455 0.007509 0.064212
0 0.476690 0.336473 0.009700 0.063356
0 0.444462 0.181507 0.006571 0.054795
0 0.478254 0.289384 0.009074 0.066781
0 0.421151 0.230736 0.006884 0.057363
0 0.480288 0.203767 0.005632 0.051370
0 0.437578 0.192209 0.008448 0.057363
1 0.460106 0.277397 0.029099 0.087329
1 0.462766 0.227312 0.023154 0.065925
1 0.493116 0.078767 0.015019 0.051370
1 0.495620 0.272260 0.026909 0.097603
1 0.493742 0.218750 0.024406 0.062500
3 0.506101 0.644692 0.052879 0.126712
3 0.568523 0.253425 0.036295 0.118151
3 0.690081 0.618579 0.226220 0.492295
