1 0.450563 0.817209 0.096370 0.238870
1 0.514862 0.318921 0.042240 0.125856
1 0.533636 0.482021 0.049124 0.140411
1 0.562422 0.854024 0.069149 0.286815
1 0.452753 0.529966 0.064456 0.178082
1 0.435544 0.124572 0.047559 0.064212
1 0.502190 0.227740 0.041302 0.101027
1 0.449625 0.377140 0.054443 0.161815
1 0.463548 0.082620 0.024093 0.055651
1 0.502816 0.153253 0.048811 0.092466
1 0.504850 0.075771 0.035982 0.043664
1 0.468085 0.020976 0.020025 0.041952
1 0.467772 0.028682 0.020651 0.052226
1 0.502503 0.031678 0.024406 0.049658
1 0.508292 0.109161 0.045995 0.057363
1 0.463235 0.059932 0.022841 0.046233
