0 0.981070 0.958904 0.027847 0.080479
1 0.444305 0.762414 0.103880 0.196062
1 0.561952 0.712757 0.085732 0.211473
1 0.574468 0.500428 0.072591 0.117295
1 0.469493 0.447774 0.066646 0.131849
1 0.476846 0.332620 0.043805 0.105308
1 0.470745 0.627140 0.069775 0.165240
1 0.463235 0.248288 0.029725 0.070205
1 0.462766 0.184932 0.026283 0.058219
1 0.503285 0.112586 0.029099 0.036815
1 0.514706 0.279110 0.053191 0.065068
1 0.505006 0.163527 0.028160 0.047945
1 0.513454 0.186216 0.033792 0.050514
1 0.506101 0.150257 0.027847 0.048801
1 0.470901 0.146404 0.025657 0.035959
1 0.466677 0.125428 0.022215 0.033390
1 0.465269 0.114298 0.021277 0.029966
1 0.463548 0.073202 0.018461 0.026541
1 0.462922 0.083904 0.018461 0.030822
1 0.497966 0.078339 0.019712 0.033390
1 0.499218 0.066781 0.019086 0.027397
1 0.464018 0.063784 0.018148 0.024829
1 0.515801 0.254281 0.043492 0.051370
1 0.518148 0.269264 0.048185 0.057363
