2704 1021 2788 1074 0.3903188705444336
2083 1112 2149 1164 0.4648224711418152
2086 136 2149 183 0.46674609184265137
3091 688 3195 794 0.47181370854377747
1902 168 1977 213 0.5256475210189819
2402 239 2521 347 0.5305762887001038
2397 296 2511 351 0.5880260467529297
3104 335 3192 400 0.6029015183448792
1410 508 1511 557 0.667389988899231
1097 722 1197 810 0.6990159153938293
1249 910 1390 1015 0.726295530796051
2610 608 2793 797 0.7297499775886536
2206 107 2380 252 0.7629204988479614
1309 269 1377 364 0.7732455134391785
2518 391 2677 572 0.7752772569656372
1366 72 1448 154 0.7968251705169678
