3 0.411921 0.393408 0.012829 0.050514
3 0.592459 0.655822 0.028473 0.063356
3 0.533479 0.910959 0.030038 0.046233
3 0.378598 0.723459 0.023154 0.070205
3 0.238736 0.144264 0.015645 0.059075
3 0.080569 0.842038 0.057885 0.105308
3 0.434919 0.778253 0.023154 0.051370
3 0.552409 0.541524 0.024718 0.069349
3 0.181320 0.328339 0.029099 0.074486
3 0.269869 0.483733 0.072904 0.171233
3 0.256414 0.900257 0.052879 0.129281
3 0.043805 0.358305 0.053817 0.125856
3 0.295526 0.034247 0.030976 0.066781
3 0.677566 0.789384 0.032228 0.104452
3 0.106227 0.509418 0.049124 0.095890
