0 0.772059 0.648973 0.016583 0.077055
0 0.532071 0.738870 0.014080 0.092466
0 0.813830 0.710188 0.010638 0.086473
0 0.762359 0.590753 0.011577 0.066781
0 0.783010 0.686644 0.012203 0.068493
0 0.777534 0.740154 0.010638 0.074486
0 0.834637 0.695205 0.013454 0.073630
0 0.781915 0.616866 0.008761 0.040240
0 0.142209 0.650685 0.013454 0.080479
1 0.396746 0.931079 0.075720 0.129281
1 0.311796 0.926798 0.077284 0.141267
1 0.703536 0.127140 0.027222 0.108733
3 0.694775 0.330051 0.012829 0.144692
3 0.260795 0.110873 0.072904 0.048801
3 0.252034 0.239298 0.094180 0.218322
3 0.365144 0.236729 0.060701 0.156678
3 0.465738 0.232877 0.087922 0.253425
