0 0.534731 0.501712 0.008761 0.042808
3 0.711202 0.387842 0.025657 0.063356
3 0.685701 0.533390 0.035357 0.070205
3 0.007509 0.393836 0.014393 0.061644
3 0.741083 0.467894 0.025344 0.077911
3 0.603880 0.367723 0.044431 0.088185
3 0.426783 0.603596 0.042553 0.171233
3 0.355288 0.552226 0.089800 0.140411
3 0.484043 0.350171 0.030038 0.095890
3 0.658010 0.411387 0.042553 0.108733
3 0.797872 0.408818 0.058824 0.160103
3 0.275501 0.756849 0.052879 0.106164
3 0.207916 0.644264 0.081665 0.244007
3 0.093554 0.672945 0.069462 0.256849
