0 0.382040 0.392123 0.010013 0.063356
0 0.359043 0.240582 0.008448 0.042808
0 0.423342 0.389983 0.009387 0.062500
0 0.436483 0.452483 0.009387 0.055651
0 0.353880 0.256421 0.008135 0.047089
0 0.354506 0.311216 0.006884 0.040240
1 0.404881 0.389983 0.031915 0.108733
1 0.386421 0.291096 0.024406 0.070205
1 0.373279 0.218322 0.021902 0.056507
1 0.448842 0.505993 0.030350 0.135274
1 0.355757 0.101884 0.031915 0.148973
1 0.362484 0.153253 0.020338 0.049658
1 0.375469 0.081764 0.017522 0.043664
3 0.582760 0.758990 0.236233 0.240582
3 0.530350 0.387842 0.028786 0.080479
3 0.569775 0.560788 0.021902 0.065068
3 0.508761 0.778253 0.080100 0.092466
3 0.650970 0.682791 0.098561 0.172089
