0 0.517209 0.155394 0.005632 0.040240
0 0.522685 0.157106 0.004693 0.040240
0 0.489831 0.145548 0.004693 0.029110
0 0.513141 0.120719 0.004380 0.030822
1 0.420682 0.771832 0.061640 0.209760
1 0.442584 0.541524 0.045995 0.137842
1 0.504850 0.606164 0.040989 0.157534
2 0.455882 0.408390 0.030663 0.089041
1 0.505788 0.836901 0.056633 0.223459
1 0.503285 0.441781 0.030976 0.095890
1 0.462297 0.327911 0.026596 0.065068
1 0.501252 0.295805 0.033792 0.190925
1 0.502190 0.156678 0.015645 0.044521
1 0.467929 0.258990 0.021589 0.060788
1 0.472153 0.211045 0.021277 0.060788
1 0.501564 0.120291 0.015019 0.035103
1 0.481227 0.148545 0.016270 0.045377
1 0.479036 0.161815 0.016896 0.046233
3 0.426001 0.151541 0.132979 0.193493
