0 0.520494 0.429795 0.012829 0.070205
1 0.488736 0.919521 0.097622 0.157534
1 0.603098 0.883990 0.075407 0.218322
1 0.625782 0.646832 0.075094 0.130993
1 0.519399 0.792380 0.071339 0.184075
1 0.522685 0.584760 0.063517 0.147260
1 0.584637 0.481592 0.045369 0.120719
1 0.526752 0.252568 0.026596 0.066781
1 0.534574 0.437500 0.040363 0.121575
1 0.569305 0.217894 0.026596 0.055651
1 0.524093 0.336045 0.028786 0.086473
1 0.538955 0.193921 0.022841 0.062500
1 0.569775 0.150685 0.031915 0.044521
1 0.580882 0.273973 0.037860 0.085616
1 0.531446 0.145976 0.022841 0.064212
1 0.579005 0.369007 0.052879 0.102740
1 0.531446 0.176370 0.020338 0.047945
1 0.529568 0.109161 0.018461 0.052226
1 0.570713 0.104024 0.028786 0.040240
