1 0.568367 0.586045 0.081665 0.137842
1 0.546777 0.837757 0.086045 0.238870
1 0.419900 0.897688 0.110763 0.202911
1 0.467459 0.383134 0.045682 0.119007
1 0.457134 0.197774 0.028160 0.070205
1 0.455882 0.276541 0.035044 0.092466
1 0.505006 0.107021 0.033792 0.047945
1 0.470275 0.145548 0.025657 0.053082
1 0.501408 0.044092 0.024718 0.035103
1 0.455569 0.528682 0.070713 0.151541
1 0.504693 0.163527 0.031915 0.066781
1 0.451815 0.742295 0.077597 0.196918
1 0.522059 0.421233 0.049124 0.131849
1 0.500000 0.075342 0.026909 0.039384
1 0.464174 0.119863 0.024093 0.042808
1 0.461514 0.081764 0.023780 0.047089
1 0.511890 0.305223 0.057572 0.088185
1 0.515488 0.206764 0.041615 0.074486
1 0.520651 0.324486 0.043179 0.058219
