1516 712 1678 876 0.2850019633769989
2216 1072 2331 1165 0.35444211959838867
1518 711 1773 950 0.3686624765396118
1887 738 2275 962 0.3709002435207367
1155 538 1258 723 0.3709719777107239
1874 744 2027 836 0.38146376609802246
1522 718 1624 819 0.4436478614807129
2666 15 3012 242 0.4443027675151825
863 303 1043 398 0.4985007345676422
2967 304 3090 425 0.5056741237640381
2504 1069 2641 1168 0.5291006565093994
1362 621 1467 701 0.5348815321922302
2622 5 2784 105 0.5697680115699768
582 412 707 495 0.5956674814224243
2292 2 2371 73 0.6640567183494568
2598 761 2762 923 0.6809777617454529
2384 859 2512 1009 0.7109928131103516
1258 185 1512 332 0.716907799243927
1621 440 1777 564 0.727939784526825
1782 131 2083 329 0.7348891496658325
498 639 661 810 0.7663023471832275
