1 0.517175 0.140120 0.013999 0.035411
0 0.491425 0.116451 0.002581 0.024837
0 0.505920 0.136280 0.004249 0.037149
0 0.506794 0.093660 0.003833 0.034409
0 0.507085 0.076113 0.002750 0.027123
0 0.527367 0.099015 0.003163 0.033733
0 0.531657 0.149842 0.004916 0.042389
0 0.536654 0.150741 0.006411 0.041053
0 0.538570 0.120552 0.003417 0.026670
0 0.542151 0.121126 0.003251 0.031909
1 0.534177 0.059640 0.014255 0.044880
1 0.505105 0.075925 0.018914 0.032517
1 0.515945 0.101751 0.014643 0.038622
1 0.497696 0.117286 0.012688 0.031421
1 0.496209 0.146220 0.013989 0.034854
1 0.518077 0.183202 0.016843 0.042551
1 0.492750 0.186956 0.015826 0.032611
1 0.490462 0.219889 0.018407 0.052449
2 0.517702 0.272894 0.032006 0.129760
1 0.526137 0.876246 0.040717 0.189803
1 0.462207 0.814559 0.042337 0.187902
1 0.524075 0.654268 0.036618 0.139940
1 0.472780 0.590702 0.034196 0.127175
1 0.521906 0.486862 0.027879 0.089700
1 0.479845 0.447324 0.026073 0.081224
1 0.518670 0.393185 0.024987 0.080582
1 0.484160 0.358403 0.022200 0.064717
1 0.487972 0.276318 0.019574 0.051712
