1 0.490075 0.331049 0.021408 0.051259
0 0.478786 0.184050 0.003166 0.034281
0 0.481162 0.194906 0.004753 0.037072
0 0.486597 0.225317 0.004966 0.042740
0 0.502874 0.196049 0.003457 0.033091
0 0.516705 0.228245 0.004831 0.040342
0 0.521702 0.229949 0.005663 0.038288
0 0.519121 0.205908 0.003498 0.024384
0 0.522619 0.213429 0.004499 0.038519
1 0.502954 0.169422 0.014994 0.040796
1 0.475177 0.185146 0.017406 0.033955
1 0.473849 0.214088 0.011752 0.029854
1 0.490876 0.196884 0.015657 0.030993
1 0.497994 0.227457 0.016083 0.033527
1 0.477666 0.233497 0.015225 0.032457
1 0.479063 0.262898 0.016480 0.025865
1 0.483398 0.286237 0.021683 0.054615
1 0.505516 0.257770 0.017922 0.041926
1 0.500386 0.396721 0.027074 0.059829
1 0.513093 0.472406 0.032988 0.077603
1 0.547500 0.418900 0.037916 0.085779
1 0.568625 0.498724 0.040923 0.082877
1 0.534520 0.602166 0.052256 0.132860
1 0.610128 0.653416 0.063354 0.145514
1 0.571561 0.846002 0.072603 0.225873
1 0.672487 0.889628 0.093642 0.220745
2 0.529571 0.314580 0.042691 0.133973
