0 0.513472 0.122363 0.003727 0.036935
2 0.501671 0.243652 0.034887 0.123176
1 0.504520 0.839178 0.052844 0.214178
1 0.420925 0.773215 0.060116 0.200625
1 0.504809 0.604379 0.040901 0.147457
1 0.443143 0.539846 0.043439 0.128664
1 0.503556 0.442611 0.031223 0.087603
1 0.455702 0.407907 0.030066 0.079991
1 0.501447 0.356173 0.028651 0.079315
1 0.462661 0.328943 0.024671 0.059598
1 0.468597 0.261173 0.020335 0.047997
1 0.472730 0.210659 0.020141 0.048818
1 0.476622 0.189050 0.014621 0.026216
1 0.480413 0.157162 0.015000 0.032663
1 0.502487 0.153604 0.015075 0.033733
1 0.481231 0.132616 0.013752 0.021447
1 0.490549 0.105274 0.019628 0.029589
1 0.520177 0.089628 0.015660 0.039820
1 0.501471 0.121015 0.014718 0.034478
0 0.490230 0.149208 0.005059 0.039889
0 0.522146 0.159503 0.007096 0.042825
0 0.517603 0.153617 0.005645 0.034872
0 0.524997 0.139182 0.003817 0.037372
0 0.492342 0.117676 0.004465 0.037252
0 0.492702 0.104970 0.003457 0.029923
