0 0.355997 0.607402 0.012688 0.038399
0 0.368237 0.640081 0.015078 0.032680
0 0.465638 0.673574 0.009255 0.032680
0 0.478296 0.692521 0.010003 0.031858
0 0.587319 0.596631 0.011990 0.028433
0 0.613550 0.428908 0.016649 0.038022
0 0.692972 0.429859 0.019656 0.029803
0 0.422131 0.422252 0.011183 0.033904
1 0.041267 0.326194 0.081621 0.106926
1 0.165970 0.328202 0.095645 0.113493
1 0.128362 0.499709 0.089146 0.105873
1 0.295355 0.339632 0.074596 0.109264
1 0.286223 0.508604 0.095338 0.115188
1 0.414022 0.349199 0.083445 0.109752
1 0.439127 0.504426 0.084881 0.105839
1 0.527946 0.352530 0.083445 0.107800
1 0.598320 0.506879 0.090250 0.112697
1 0.735017 0.415424 0.094477 0.170077
1 0.806705 0.682449 0.101108 0.166678
2 0.036841 0.492461 0.073683 0.189803
