1 0.471987 0.009217 0.009662 0.017320
1 0.488309 0.012474 0.010992 0.024949
1 0.488728 0.033035 0.010829 0.026207
1 0.489185 0.057423 0.011912 0.030771
1 0.489728 0.087851 0.013160 0.026438
1 0.490213 0.120591 0.014844 0.050103
1 0.468432 0.114525 0.013298 0.038502
1 0.466794 0.160411 0.015034 0.045890
1 0.490197 0.166074 0.014718 0.035693
1 0.489193 0.201926 0.015607 0.047603
1 0.489420 0.246914 0.017844 0.052748
1 0.465555 0.210312 0.016505 0.047902
1 0.464664 0.275916 0.019402 0.075976
1 0.479750 0.358660 0.031558 0.074443
1 0.425873 0.386849 0.035864 0.049110
0 0.452290 0.172517 0.005106 0.038236
0 0.446895 0.180295 0.003952 0.041670
0 0.440147 0.215629 0.005494 0.042714
0 0.436197 0.220377 0.005110 0.041661
0 0.448830 0.270240 0.005463 0.046986
0 0.477264 0.279546 0.005685 0.049127
0 0.477207 0.316156 0.005573 0.036918
2 0.469839 0.061772 0.021586 0.088048
0 0.478156 0.197778 0.004571 0.039358
