0 0.668576 0.728998 0.026101 0.091729
0 0.523861 0.852838 0.019887 0.078450
0 0.571017 0.672205 0.012046 0.066430
0 0.365416 0.893283 0.016421 0.062491
0 0.351228 0.866323 0.014315 0.087817
0 0.347417 0.581978 0.016386 0.080377
0 0.231912 0.719722 0.021383 0.086396
1 0.729507 0.757658 0.127218 0.243159
1 0.547031 0.761708 0.118473 0.194170
1 0.475114 0.593129 0.100253 0.145625
1 0.351344 0.686592 0.108570 0.153185
1 0.350308 0.539187 0.099865 0.132774
1 0.230781 0.488219 0.089546 0.114521
1 0.181263 0.612945 0.115654 0.146267
1 0.039362 0.539242 0.078723 0.132663
1 0.111231 0.417920 0.110679 0.155342
1 0.023822 0.383339 0.047644 0.113390
