0 0.443124 0.244148 0.005041 0.044906
0 0.442980 0.193134 0.005185 0.052397
0 0.448631 0.186729 0.005110 0.051404
0 0.460657 0.307530 0.004919 0.037834
0 0.473019 0.269700 0.006245 0.061541
0 0.464900 0.150073 0.006045 0.049050
0 0.473143 0.143275 0.006117 0.048450
0 0.496737 0.172825 0.005225 0.041199
1 0.378146 0.381451 0.053633 0.061019
1 0.455463 0.364426 0.051070 0.096113
1 0.460084 0.259409 0.033148 0.089349
1 0.481029 0.186854 0.025375 0.054735
1 0.496554 0.131306 0.023883 0.046567
1 0.509513 0.082881 0.018320 0.040248
2 0.518554 0.036156 0.028323 0.072312
