1 0.387505 0.599914 0.040967 0.080925
1 0.448853 0.510509 0.031374 0.119752
1 0.406392 0.393840 0.035013 0.112286
1 0.428650 0.334983 0.028576 0.075462
1 0.386785 0.294247 0.025178 0.072723
1 0.413759 0.270732 0.025172 0.067252
1 0.373695 0.220972 0.022979 0.063981
1 0.402971 0.219332 0.021981 0.046473
1 0.393426 0.158891 0.023160 0.066207
1 0.363805 0.158181 0.018842 0.050608
1 0.383071 0.119426 0.018307 0.045890
1 0.373996 0.077367 0.016771 0.040214
1 0.367268 0.045017 0.014681 0.028356
1 0.338512 0.015929 0.014853 0.031704
1 0.359920 0.015420 0.016599 0.030839
2 0.356237 0.088699 0.032894 0.111969
0 0.359421 0.247868 0.007816 0.052774
0 0.355038 0.260407 0.009262 0.053005
0 0.351987 0.327440 0.008867 0.054058
0 0.355216 0.319003 0.008385 0.056173
0 0.382778 0.392945 0.008961 0.060651
0 0.424265 0.395698 0.008673 0.065163
0 0.400308 0.272316 0.006561 0.050146
0 0.437442 0.322902 0.006561 0.023630
0 0.436613 0.462748 0.008288 0.074675
0 0.407045 0.213943 0.006073 0.012389
0 0.388589 0.149204 0.004625 0.014247
0 0.395768 0.146828 0.004528 0.012132
0 0.365981 0.147979 0.003902 0.010377
0 0.364589 0.104349 0.005128 0.015257
