1 0.221237 0.219409 0.018845 0.050342
1 0.250563 0.165557 0.018173 0.069572
1 0.262328 0.254482 0.031890 0.064409
1 0.248836 0.302688 0.031890 0.057089
1 0.273725 0.353853 0.034496 0.065805
1 0.296115 0.316481 0.033601 0.062945
1 0.302494 0.426434 0.033974 0.063485
1 0.335956 0.389799 0.040986 0.073330
1 0.336865 0.493151 0.047559 0.099572
1 0.382627 0.480848 0.041167 0.084812
1 0.385097 0.596066 0.050519 0.104957
1 0.457017 0.745009 0.062312 0.133801
1 0.525523 0.740950 0.072635 0.151096
1 0.535699 0.907979 0.075128 0.168716
1 0.605105 0.885839 0.078733 0.163493
2 0.441536 0.558643 0.093436 0.211943
0 0.229751 0.224045 0.007707 0.043930
0 0.244687 0.251199 0.007247 0.046986
0 0.277747 0.237624 0.006690 0.040574
0 0.317444 0.274238 0.007584 0.050342
0 0.283227 0.324585 0.006568 0.045334
0 0.331890 0.322136 0.007165 0.052697
0 0.336449 0.319071 0.007328 0.057183
0 0.319201 0.266177 0.008658 0.046978
