0 0.064251 0.351854 0.041167 0.037783
0 0.086574 0.171156 0.037822 0.042534
0 0.215053 0.072568 0.029556 0.053921
0 0.197811 0.050920 0.020748 0.045745
0 0.317064 0.085955 0.018063 0.042406
0 0.327602 0.117534 0.019064 0.045771
0 0.266906 0.326451 0.026320 0.036926
2 0.740693 0.166430 0.202631 0.231301
1 0.575580 0.198275 0.088551 0.122320
1 0.411328 0.217419 0.095854 0.119563
1 0.250316 0.243664 0.091126 0.116473
1 0.080997 0.269422 0.106311 0.111550
1 0.159449 0.417795 0.091058 0.111104
1 0.280083 0.402346 0.088601 0.113425
1 0.408930 0.397526 0.077372 0.111062
1 0.538916 0.382106 0.095084 0.126027
1 0.680110 0.363039 0.091214 0.112962
1 0.842422 0.339824 0.096721 0.112474
1 0.904287 0.153733 0.106208 0.128836
1 0.985250 0.142753 0.029499 0.103947
1 0.965685 0.324298 0.068486 0.120051
