1 0.440186 0.858784 0.067556 0.125377
1 0.383445 0.926224 0.077735 0.143887
1 0.305792 0.835805 0.058680 0.106010
1 0.339085 0.744058 0.066405 0.112209
1 0.237168 0.741169 0.060814 0.108382
1 0.254207 0.648998 0.057669 0.093322
1 0.099485 0.534640 0.039196 0.102911
1 0.123564 0.401738 0.038586 0.103271
1 0.178543 0.667025 0.056392 0.098587
1 0.177663 0.560128 0.064030 0.086267
2 0.544365 0.909846 0.144706 0.176027
0 0.312467 0.636010 0.010792 0.055788
0 0.313101 0.610338 0.010088 0.040334
0 0.245213 0.686451 0.013141 0.052252
0 0.118856 0.541515 0.014528 0.058733
0 0.153573 0.579396 0.016170 0.062783
0 0.268581 0.552907 0.009916 0.051943
