0 0.477966 0.285039 0.008160 0.056070
0 0.436195 0.280762 0.007228 0.068562
0 0.421211 0.231318 0.006746 0.058801
0 0.427226 0.226049 0.006248 0.060385
0 0.437980 0.192620 0.009033 0.055839
0 0.444894 0.181485 0.007247 0.054923
0 0.476278 0.326387 0.009252 0.044829
0 0.480518 0.207282 0.005798 0.056481
1 0.391774 0.420527 0.064249 0.052988
1 0.480293 0.392466 0.050961 0.106644
1 0.459129 0.289122 0.029865 0.096515
1 0.496106 0.261147 0.023639 0.065908
1 0.462433 0.217667 0.022525 0.044238
1 0.465299 0.173339 0.020072 0.045462
1 0.467890 0.131815 0.014909 0.037380
1 0.494488 0.208968 0.021236 0.047080
1 0.495950 0.177123 0.018908 0.025753
1 0.493301 0.067380 0.012879 0.023493
1 0.492500 0.039807 0.013160 0.031909
2 0.470294 0.082504 0.025757 0.093057
1 0.495740 0.134593 0.018989 0.050865
1 0.494473 0.089118 0.013501 0.031661
