0 0.692786 0.460586 0.023933 0.036704
0 0.603542 0.457166 0.017660 0.038853
0 0.575979 0.646139 0.015713 0.032346
0 0.438958 0.732376 0.007365 0.034991
0 0.317688 0.656250 0.015006 0.043253
0 0.333094 0.689623 0.019412 0.041113
0 0.391726 0.449696 0.012168 0.034221
1 0.822584 0.737436 0.111909 0.191378
1 0.741361 0.441066 0.106133 0.183176
1 0.587306 0.538801 0.105300 0.122894
1 0.510698 0.377491 0.092553 0.110103
1 0.410873 0.543078 0.093479 0.099101
1 0.382226 0.368515 0.093820 0.106721
1 0.240352 0.546216 0.104878 0.121438
1 0.250876 0.356794 0.084393 0.113057
1 0.106050 0.344542 0.112525 0.119512
1 0.061920 0.537089 0.104941 0.101250
