1 0.453267 0.520548 0.065776 0.172209
1 0.510463 0.087714 0.043079 0.060548
1 0.508895 0.147997 0.043079 0.084658
1 0.462880 0.082093 0.023107 0.057868
1 0.457203 0.161926 0.043861 0.073938
1 0.434978 0.126297 0.051108 0.063759
1 0.514823 0.308497 0.040447 0.112115
1 0.464812 0.270775 0.060588 0.142166
1 0.450048 0.369080 0.053213 0.144170
1 0.534474 0.478330 0.047910 0.123322
1 0.451175 0.810377 0.090385 0.225736
1 0.454360 0.957847 0.087049 0.084307
1 0.572799 0.856027 0.072794 0.278853
1 0.532849 0.631648 0.064966 0.176652
