1 0.718040 0.827457 0.155810 0.192055
1 0.865380 0.923074 0.127400 0.153853
1 0.824723 0.734795 0.141073 0.273664
1 0.677439 0.596708 0.126680 0.192320
1 0.553883 0.595989 0.097447 0.208878
1 0.568889 0.446186 0.098329 0.150625
1 0.446263 0.451520 0.121105 0.189170
1 0.451352 0.298318 0.070920 0.134529
1 0.371286 0.307907 0.110707 0.123741
1 0.364310 0.214122 0.084621 0.105488
1 0.305016 0.118266 0.084318 0.112954
1 0.283783 0.206652 0.065513 0.140342
1 0.249222 0.073035 0.040673 0.092200
1 0.244506 0.029465 0.078554 0.058176
