1 0.982882 0.370390 0.034237 0.143433
1 0.328088 0.419799 0.082685 0.097697
1 0.421621 0.550706 0.090232 0.163604
1 0.458284 0.406430 0.095178 0.118990
1 0.565122 0.575993 0.091320 0.127911
1 0.613664 0.385535 0.089687 0.107235
1 0.673221 0.554932 0.079465 0.106233
1 0.742982 0.415501 0.092810 0.119512
1 0.831773 0.560381 0.083645 0.145659
1 0.864255 0.392055 0.095013 0.117877
1 0.950335 0.563155 0.099074 0.137885
1 0.051137 0.424011 0.096480 0.129546
1 0.021693 0.566156 0.041414 0.125651
1 0.010324 0.325616 0.020304 0.111216
1 0.147563 0.652817 0.084456 0.181216
1 0.174732 0.412307 0.092951 0.166738
1 0.269833 0.589482 0.079865 0.110557
