1 0.419997 0.897813 0.109493 0.204238
1 0.452997 0.741451 0.078185 0.177920
1 0.546701 0.837350 0.084953 0.242337
1 0.568567 0.589662 0.081133 0.135830
1 0.455011 0.527337 0.073126 0.151130
1 0.522897 0.423074 0.050325 0.128596
1 0.468043 0.384182 0.046242 0.114683
1 0.459307 0.279426 0.043489 0.095908
1 0.510806 0.305676 0.064246 0.101267
1 0.457350 0.199927 0.030632 0.065762
1 0.514806 0.213587 0.041971 0.083818
1 0.505074 0.163108 0.032325 0.073630
1 0.467419 0.141648 0.033173 0.061173
1 0.462173 0.084456 0.026061 0.058861
1 0.466488 0.043707 0.032663 0.048664
1 0.502619 0.059221 0.030463 0.057466
1 0.503881 0.109465 0.038770 0.053296
1 0.537336 0.980081 0.074765 0.039837
