2 0.344079 0.545401 0.338721 0.279897
1 0.991912 0.101880 0.015861 0.079054
1 0.955903 0.036971 0.055449 0.052114
1 0.941129 0.077766 0.055157 0.062878
1 0.955399 0.137138 0.038614 0.075374
1 0.913727 0.186343 0.053985 0.068728
1 0.895648 0.121471 0.035522 0.093021
1 0.854694 0.257118 0.057545 0.079102
1 0.833056 0.158708 0.055509 0.094157
1 0.785201 0.210521 0.065271 0.079706
1 0.785464 0.300429 0.058979 0.108951
1 0.726326 0.367782 0.080998 0.121335
1 0.702969 0.284837 0.053212 0.111375
1 0.629308 0.327460 0.085194 0.107019
1 0.616177 0.461363 0.094632 0.105779
