1 0.343547 0.834782 0.125867 0.225642
1 0.181068 0.877324 0.147086 0.245351
1 0.638146 0.419127 0.067063 0.095634
1 0.799024 0.108305 0.037297 0.039264
1 0.818768 0.142149 0.038761 0.047123
1 0.796529 0.180788 0.023145 0.050240
1 0.771130 0.140830 0.033118 0.050582
1 0.749337 0.182607 0.027937 0.050111
1 0.764454 0.220993 0.041989 0.056712
1 0.712254 0.220775 0.038078 0.055420
1 0.742359 0.266370 0.037150 0.071421
1 0.669707 0.275715 0.050298 0.066670
1 0.690338 0.331473 0.029270 0.088990
1 0.624915 0.349795 0.046219 0.084623
2 0.856160 0.060950 0.094913 0.087158
1 0.549027 0.435967 0.053064 0.115685
1 0.593011 0.560856 0.080663 0.093887
1 0.468521 0.555004 0.086092 0.105471
1 0.462291 0.687354 0.084508 0.179024
1 0.389905 0.617273 0.069782 0.169769
