1 0.462622 0.188604 0.027434 0.060702
1 0.505185 0.160355 0.028955 0.064409
1 0.470067 0.141374 0.030141 0.050522
1 0.465075 0.101083 0.023204 0.054221
1 0.466945 0.067277 0.029615 0.044966
1 0.500200 0.076537 0.026740 0.048673
1 0.502653 0.116134 0.035369 0.041721
2 0.487168 0.026357 0.061940 0.052714
1 0.567139 0.906109 0.090873 0.187217
1 0.445138 0.763831 0.104693 0.191567
1 0.562775 0.709336 0.084956 0.205077
1 0.470784 0.626635 0.069790 0.146901
1 0.575119 0.503390 0.074036 0.117842
1 0.468661 0.449028 0.071001 0.128639
1 0.528321 0.364991 0.045623 0.113596
1 0.477020 0.333112 0.044058 0.101259
1 0.466248 0.251670 0.038573 0.079829
1 0.513439 0.270959 0.059330 0.077688
1 0.515253 0.198330 0.037929 0.073682
