2 0.938066 0.599799 0.123867 0.250454
1 0.793096 0.521952 0.067863 0.116233
1 0.743493 0.641755 0.070235 0.103271
1 0.680474 0.509080 0.069183 0.080043
1 0.658179 0.637256 0.068242 0.114529
1 0.592836 0.523510 0.067894 0.091815
1 0.545127 0.628951 0.067894 0.096122
1 0.496895 0.498044 0.067369 0.073878
1 0.281685 0.519636 0.070009 0.089272
1 0.351965 0.611160 0.068849 0.136190
1 0.381993 0.505381 0.068242 0.097098
1 0.459316 0.639097 0.069434 0.093330
1 0.243486 0.624936 0.073135 0.104717
1 0.172315 0.499050 0.073924 0.115479
1 0.152525 0.676580 0.066846 0.139152
1 0.029138 0.457367 0.058001 0.135830
1 0.080103 0.501383 0.072522 0.103587
1 0.038994 0.609872 0.071818 0.089949
