0 0.334481 0.572346 0.006884 0.052226
0 0.321339 0.527825 0.008135 0.047089
2 0.286921 0.809932 0.161452 0.232877
3 0.869524 0.738442 0.064456 0.069349
3 0.666615 0.760274 0.051001 0.119863
3 0.785982 0.809932 0.055695 0.162671
3 0.968554 0.779538 0.062265 0.119007
3 0.610763 0.611729 0.071339 0.146404
3 0.979975 0.437928 0.039424 0.161815
3 0.730131 0.639983 0.067272 0.214897
3 0.452284 0.489726 0.053504 0.114726
3 0.535670 0.456336 0.028160 0.114726
3 0.501095 0.617295 0.044118 0.109589
3 0.271277 0.394264 0.032541 0.103596
3 0.558354 0.792808 0.052879 0.106164
