0 0.886577 0.654930 0.013454 0.066901
0 0.865926 0.668134 0.012203 0.079225
0 0.614518 0.680018 0.013141 0.081866
0 0.816020 0.555898 0.011264 0.064261
0 0.834950 0.691461 0.010951 0.071303
0 0.827597 0.611796 0.018148 0.073944
0 0.839018 0.643046 0.011577 0.057218
0 0.263454 0.571303 0.007509 0.045775
0 0.833855 0.586708 0.009387 0.050176
1 0.511890 0.847711 0.068836 0.137324
1 0.443054 0.847271 0.071965 0.159331
2 0.077441 0.563380 0.154881 0.267606
3 0.464800 0.110035 0.044118 0.042254
3 0.339174 0.199824 0.031289 0.174296
3 0.563204 0.255282 0.046934 0.102113
3 0.389706 0.233275 0.054130 0.147887
3 0.554443 0.103433 0.048811 0.057218
3 0.772059 0.311620 0.029725 0.130282
