0 0.668961 0.496479 0.010013 0.056338
0 0.196026 0.835827 0.018461 0.125880
0 0.651752 0.484155 0.007509 0.054577
0 0.684136 0.489437 0.005945 0.056338
0 0.644712 0.476673 0.007822 0.046655
0 0.680225 0.511884 0.006258 0.048415
1 0.459481 0.949824 0.118586 0.091549
1 0.577753 0.783891 0.089174 0.125880
1 0.609825 0.742518 0.078849 0.085387
3 0.420213 0.059859 0.035670 0.091549
3 0.536921 0.094190 0.038798 0.056338
3 0.289268 0.303697 0.025970 0.063380
3 0.410826 0.268926 0.051314 0.122359
3 0.539111 0.235475 0.028160 0.115317
3 0.319462 0.216989 0.067584 0.229754
3 0.483260 0.260123 0.029725 0.095951
