0 0.216051 0.716610 0.013454 0.090753
0 0.619681 0.472603 0.006571 0.046233
0 0.612797 0.458476 0.005319 0.047089
0 0.625000 0.452911 0.006571 0.049658
0 0.579787 0.431507 0.005006 0.035959
0 0.599656 0.447774 0.005945 0.046233
0 0.595432 0.439640 0.005006 0.036815
0 0.536295 0.540240 0.007509 0.059932
1 0.407384 0.805223 0.085732 0.091610
1 0.503598 0.682363 0.065394 0.089041
1 0.511421 0.675086 0.082290 0.101884
1 0.992491 0.545805 0.014393 0.065925
3 0.489362 0.232877 0.037547 0.196918
3 0.439456 0.284675 0.025970 0.079623
3 0.375313 0.255993 0.051627 0.159247
3 0.303661 0.248716 0.066020 0.204623
