0 0.530663 0.148116 0.005632 0.037671
0 0.505476 0.133990 0.005319 0.029966
1 0.460732 0.813356 0.042240 0.188356
1 0.526283 0.873716 0.041302 0.192637
1 0.472466 0.588185 0.035044 0.128425
1 0.524562 0.652397 0.032228 0.140411
1 0.479975 0.443921 0.026283 0.081336
1 0.521277 0.484589 0.026283 0.085616
1 0.518773 0.390411 0.026283 0.082192
1 0.484355 0.354452 0.021902 0.066781
1 0.518304 0.271404 0.029725 0.135274
1 0.517991 0.180651 0.014706 0.044521
1 0.517365 0.140411 0.014080 0.035959
1 0.486859 0.281678 0.019399 0.066781
1 0.515175 0.100599 0.012829 0.035103
1 0.528942 0.075342 0.007822 0.025685
1 0.497497 0.114726 0.011890 0.032534
