0 0.282854 0.324058 0.007509 0.047089
0 0.277378 0.236729 0.005945 0.041952
0 0.244212 0.249572 0.007822 0.045377
0 0.335576 0.315497 0.007196 0.043664
0 0.317428 0.272688 0.008448 0.050514
0 0.332290 0.323202 0.006884 0.047089
0 0.331352 0.315925 0.006884 0.047945
2 0.440864 0.559075 0.094493 0.207192
1 0.604662 0.883990 0.077284 0.160103
1 0.456508 0.742295 0.061952 0.131849
1 0.384856 0.595034 0.050688 0.104452
1 0.273936 0.351027 0.034105 0.065068
1 0.384074 0.478168 0.044118 0.083048
1 0.336045 0.389555 0.040676 0.068493
1 0.295682 0.318493 0.034418 0.059932
1 0.261264 0.253853 0.032541 0.057363
1 0.248123 0.295377 0.029412 0.046233
2 0.525501 0.738442 0.071026 0.148116
1 0.302409 0.423801 0.035357 0.065068
1 0.250156 0.174658 0.017209 0.037671
2 0.335889 0.494435 0.047247 0.101884
1 0.221996 0.217894 0.022215 0.048801
3 0.095432 0.541952 0.121402 0.133562
