0 0.516114 0.227740 0.004693 0.039384
0 0.521589 0.229880 0.004380 0.036815
0 0.520338 0.204623 0.003755 0.027397
1 0.671934 0.885702 0.092929 0.218322
1 0.571652 0.842894 0.072591 0.230308
1 0.609825 0.651969 0.062578 0.148116
1 0.535044 0.599743 0.051940 0.137842
1 0.528317 0.309503 0.042866 0.132705
1 0.567897 0.498716 0.040050 0.081336
1 0.546777 0.414812 0.037860 0.084760
1 0.512985 0.469178 0.032854 0.080479
1 0.500939 0.402397 0.028786 0.078767
1 0.489518 0.327911 0.023467 0.049658
1 0.505006 0.252568 0.016896 0.039384
1 0.491395 0.194349 0.016583 0.029110
1 0.472935 0.207192 0.014080 0.034247
1 0.503129 0.164812 0.012516 0.028253
3 0.432416 0.208048 0.026909 0.111301
