0 0.216208 0.071062 0.026909 0.053082
0 0.065551 0.349743 0.037860 0.043664
0 0.085106 0.168236 0.036295 0.041952
0 0.196339 0.047517 0.019086 0.041952
0 0.260482 0.324058 0.014706 0.036815
0 0.321339 0.099743 0.028786 0.077911
0 0.327910 0.116010 0.018773 0.050514
1 0.741083 0.159675 0.204944 0.226884
1 0.280350 0.397688 0.090738 0.119007
1 0.250469 0.244007 0.091051 0.111301
1 0.411452 0.218750 0.098248 0.113870
1 0.841990 0.339469 0.098874 0.113870
1 0.964487 0.320205 0.070401 0.111301
2 0.538329 0.380565 0.099186 0.124144
1 0.575563 0.199914 0.087922 0.113870
1 0.158792 0.418236 0.091051 0.105308
1 0.680225 0.361729 0.093867 0.113870
1 0.409262 0.393836 0.080100 0.109589
1 0.081039 0.272260 0.105131 0.123288
1 0.985294 0.137842 0.028786 0.118151
3 0.170526 0.911387 0.014393 0.036815
3 0.184606 0.875856 0.042553 0.094178
3 0.251408 0.782962 0.015332 0.045377
3 0.336045 0.809932 0.068836 0.111301
