1 0.149093 0.654966 0.088548 0.183219
1 0.420056 0.550086 0.091051 0.178938
1 0.680069 0.552226 0.094180 0.128425
1 0.461202 0.401113 0.087610 0.125856
1 0.273780 0.572774 0.096996 0.136986
1 0.325720 0.430223 0.088235 0.125856
1 0.830257 0.552654 0.092303 0.156678
1 0.742021 0.411387 0.091677 0.122432
1 0.862484 0.381421 0.097309 0.117295
1 0.949155 0.555223 0.098561 0.137842
1 0.612484 0.380565 0.091051 0.105308
1 0.021746 0.571062 0.043492 0.123288
1 0.176471 0.404966 0.098248 0.162671
1 0.980131 0.392979 0.039111 0.166096
1 0.563673 0.568493 0.094806 0.140411
1 0.050688 0.425086 0.100751 0.127568
