1 0.461822 0.684932 0.086403 0.179795
1 0.389149 0.613442 0.069658 0.170377
1 0.624246 0.345034 0.044876 0.083904
1 0.468687 0.551370 0.087408 0.114726
1 0.549565 0.430223 0.054923 0.127568
1 0.638145 0.414812 0.067314 0.091610
1 0.712157 0.216182 0.037173 0.055651
1 0.586906 0.557363 0.067984 0.097603
1 0.181346 0.866010 0.148359 0.254281
1 0.670295 0.273116 0.043871 0.061644
1 0.791695 0.107021 0.017415 0.030822
1 0.748493 0.180223 0.026792 0.045377
1 0.797220 0.175942 0.023778 0.048801
1 0.766912 0.220890 0.034829 0.046233
1 0.778969 0.134846 0.018754 0.036815
1 0.692063 0.348459 0.028466 0.051370
1 0.688714 0.305651 0.025117 0.044521
1 0.817147 0.148116 0.012726 0.034247
1 0.767247 0.139127 0.021433 0.038527
1 0.765238 0.329623 0.017415 0.034247
1 0.816644 0.130565 0.015740 0.028253
