1296 430 1337 489 0.25014689564704895
1848 729 1939 803 0.2532837688922882
1657 1037 1753 1091 0.37260839343070984
1173 804 1247 886 0.4336611032485962
738 134 788 203 0.45405152440071106
165 922 350 1045 0.5934543609619141
1353 879 1427 939 0.6045596599578857
1726 592 1805 673 0.6163473725318909
533 340 626 427 0.6585885882377625
746 465 979 665 0.6649506688117981
735 976 904 1127 0.6869286298751831
54 345 226 492 0.6984869837760925
895 1 994 79 0.7197696566581726
2114 861 2217 983 0.7197977900505066
261 539 418 651 0.7656576633453369
