1498 617 1564 702 0.25479185581207275
812 8 1158 132 0.3189205527305603
1316 407 1393 500 0.32272014021873474
2101 632 2165 693 0.3314101994037628
811 20 980 141 0.3778635263442993
1847 228 1905 272 0.4117722809314728
1685 702 1762 767 0.4847503900527954
1374 208 1624 352 0.6192371249198914
2201 750 2328 835 0.6379967927932739
1011 637 1191 789 0.6445464491844177
1699 471 1817 549 0.6742538213729858
2308 1085 2415 1158 0.6851621866226196
623 498 791 612 0.7031185626983643
1963 878 2078 969 0.7312185168266296
2503 1028 2622 1141 0.731232225894928
2150 347 2240 437 0.7454813718795776
919 318 1037 442 0.7509368062019348
